{
 "cells": [
  {
   "cell_type": "code",
   "execution_count": 53,
   "metadata": {
    "collapsed": false
   },
   "outputs": [
    {
     "data": {
      "text/plain": [
       "6-element Array{Float64,1}:\n",
       "  2.29509 \n",
       " -2.26709 \n",
       "  0.529966\n",
       "  0.431422\n",
       "  0.583708\n",
       "  0.963272"
      ]
     },
     "execution_count": 53,
     "metadata": {},
     "output_type": "execute_result"
    }
   ],
   "source": [
    "# generate random data matrix\n",
    "srand(1)\n",
    "n,d = 6,4\n",
    "X = randn(n,d)\n",
    "\n",
    "# optional: give it linearly dependent columns\n",
    "X[:,3] = X[:,2]"
   ]
  },
  {
   "cell_type": "code",
   "execution_count": 54,
   "metadata": {
    "collapsed": false
   },
   "outputs": [
    {
     "data": {
      "text/plain": [
       "([-0.643216 0.157699 -0.430927 0.00652699; 0.66152 0.0834894 -0.25679 -0.30682; … ; -0.191623 -0.180734 0.781879 0.0294979; -0.284903 -0.177966 -0.273028 -0.188307], [4.9873, 2.12264, 1.12511, 1.9572e-16], [0.0386702 -0.16802 -0.985025 0.0; -0.697071 0.109421 -0.0460301 0.707107; -0.697071 0.109421 -0.0460301 -0.707107; -0.163365 -0.973562 0.159651 -5.55112e-16])"
      ]
     },
     "execution_count": 54,
     "metadata": {},
     "output_type": "execute_result"
    }
   ],
   "source": [
    "U,σ,V = svd(X)"
   ]
  },
  {
   "cell_type": "code",
   "execution_count": 55,
   "metadata": {
    "collapsed": false
   },
   "outputs": [
    {
     "data": {
      "text/plain": [
       "4×4 Array{Float64,2}:\n",
       "  1.0          -3.6179e-17   -6.74797e-17  6.32109e-17\n",
       " -3.6179e-17    1.0           1.11785e-16  3.38951e-17\n",
       " -6.74797e-17   1.11785e-16   1.0          1.16567e-17\n",
       "  6.32109e-17   3.38951e-17   1.16567e-17  1.0        "
      ]
     },
     "execution_count": 55,
     "metadata": {},
     "output_type": "execute_result"
    }
   ],
   "source": [
    "U'*U"
   ]
  },
  {
   "cell_type": "code",
   "execution_count": 56,
   "metadata": {
    "collapsed": false
   },
   "outputs": [
    {
     "data": {
      "text/plain": [
       "4×4 Array{Float64,2}:\n",
       "  1.0          -9.74763e-17   5.4861e-18   2.35317e-17\n",
       " -9.74763e-17   1.0          -9.08281e-18  2.4407e-17 \n",
       "  5.4861e-18   -9.08281e-18   1.0          9.06566e-20\n",
       "  2.35317e-17   2.4407e-17    9.06566e-20  1.0        "
      ]
     },
     "execution_count": 56,
     "metadata": {},
     "output_type": "execute_result"
    }
   ],
   "source": [
    "V'*V"
   ]
  },
  {
   "cell_type": "code",
   "execution_count": 57,
   "metadata": {
    "collapsed": false
   },
   "outputs": [
    {
     "data": {
      "text/plain": [
       "4-element Array{Float64,1}:\n",
       " 4.9873    \n",
       " 2.12264   \n",
       " 1.12511   \n",
       " 1.9572e-16"
      ]
     },
     "execution_count": 57,
     "metadata": {},
     "output_type": "execute_result"
    }
   ],
   "source": [
    "σ"
   ]
  },
  {
   "cell_type": "code",
   "execution_count": 58,
   "metadata": {
    "collapsed": false
   },
   "outputs": [
    {
     "data": {
      "text/plain": [
       "3.824035246962027e-15"
      ]
     },
     "execution_count": 58,
     "metadata": {},
     "output_type": "execute_result"
    }
   ],
   "source": [
    "# decomposition is just as good if we ignore the 0 in sigma and reduce r by 1\n",
    "norm(X - U[:,1:3]*diagm(σ[1:3])*(V[:,1:3])')"
   ]
  },
  {
   "cell_type": "code",
   "execution_count": 59,
   "metadata": {
    "collapsed": true
   },
   "outputs": [],
   "source": [
    "# form data from noisy linear model\n",
    "w♮ = randn(d)\n",
    "y = X*w♮ + .1*randn(n);"
   ]
  },
  {
   "cell_type": "code",
   "execution_count": 60,
   "metadata": {
    "collapsed": false
   },
   "outputs": [
    {
     "data": {
      "text/plain": [
       "4-element Array{Float64,1}:\n",
       " -0.0577712 \n",
       "  6.08204e14\n",
       " -6.08204e14\n",
       " -1.23213   "
      ]
     },
     "execution_count": 60,
     "metadata": {},
     "output_type": "execute_result"
    }
   ],
   "source": [
    "# solve least squares problem to estimate w\n",
    "# using full SVD\n",
    "w = V*diagm(σ.^(-1))*U'*y"
   ]
  },
  {
   "cell_type": "code",
   "execution_count": 61,
   "metadata": {
    "collapsed": false
   },
   "outputs": [
    {
     "data": {
      "text/plain": [
       "4-element Array{Float64,1}:\n",
       " -0.0577712\n",
       "  0.622481 \n",
       "  0.622481 \n",
       " -0.754656 "
      ]
     },
     "execution_count": 61,
     "metadata": {},
     "output_type": "execute_result"
    }
   ],
   "source": [
    "# solve least squares problem to estimate w\n",
    "# using skinny SVD\n",
    "w = V[:,1:3]*diagm(σ[1:3].^(-1))*(U[:,1:3])'*y"
   ]
  },
  {
   "cell_type": "code",
   "execution_count": 62,
   "metadata": {
    "collapsed": false
   },
   "outputs": [
    {
     "data": {
      "text/plain": [
       "0.650176815951549"
      ]
     },
     "execution_count": 62,
     "metadata": {},
     "output_type": "execute_result"
    }
   ],
   "source": [
    "# how good is our estimate of w? - not very good...\n",
    "norm(w - w♮)/norm(w♮)"
   ]
  },
  {
   "cell_type": "code",
   "execution_count": 63,
   "metadata": {
    "collapsed": false
   },
   "outputs": [
    {
     "data": {
      "text/plain": [
       "0.011539042460548822"
      ]
     },
     "execution_count": 63,
     "metadata": {},
     "output_type": "execute_result"
    }
   ],
   "source": [
    "# how small mean square error? - quite small!\n",
    "mean((y - X*w).^2)"
   ]
  },
  {
   "cell_type": "code",
   "execution_count": 64,
   "metadata": {
    "collapsed": false
   },
   "outputs": [
    {
     "data": {
      "text/plain": [
       "8.026353882040901e-16"
      ]
     },
     "execution_count": 64,
     "metadata": {},
     "output_type": "execute_result"
    }
   ],
   "source": [
    "# let's use the shorthand\n",
    "w_backslash = X \\ y\n",
    "norm(w_backslash - w)"
   ]
  }
 ],
 "metadata": {
  "kernelspec": {
   "display_name": "Julia 0.6.0",
   "language": "julia",
   "name": "julia-0.6"
  },
  "language_info": {
   "file_extension": ".jl",
   "mimetype": "application/julia",
   "name": "julia",
   "version": "0.6.0"
  }
 },
 "nbformat": 4,
 "nbformat_minor": 0
}
